target
78.75
94.88
92.93
86.43
94.41
91.96
90.71
95.02
98.13
95.54
91.72
88.73
92.91
89.52
92.43
98.04
95.36
94.41
63.49
71.50
95.45
96.51
71.10
83.56
92.02
92.66
68.30
84.37
98.01
90.22
71.17
76.60
94.70
86.87
90.75
89.34
89.03
84.95
96.72
90.29
90.69
96.53
87.59
87.44
82.96
76.34
90.37
83.64
91.83
85.10
95.16
73.87
0.01
83.14
85.82
76.51
75.21
86.94
91.28
88.83
88.84
77.89
92.78
94.21
91.02
92.21
88.60
82.95
81.00
92.41
90.06
78.82
83.61
83.97
63.15
86.88
91.75
86.94
0.00
67.42
96.18
88.17
80.23
84.97
95.38
92.88
94.74
91.93
77.17
85.65
67.85
92.93
92.27
90.44
97.91
91.65
75.05
73.35
88.69
91.21
91.95
87.21
84.48
81.12
91.40
88.76
90.29
74.16
94.57
81.56
94.11
98.90
92.74
72.34
87.97
0.21
97.69
87.25
83.54
60.75
94.91
96.17
90.24
82.60
93.43
88.16
83.48
92.88
94.73
75.45
87.83
86.92
92.46
86.73
78.59
92.75
80.50
87.58
85.36
88.34
81.83
97.96
85.80
86.83
93.60
97.28
84.08
93.62
87.35
77.87
92.54
96.47
88.34
77.81
84.48
87.17
93.51
92.12
90.88
93.47
88.07
87.03
78.37
72.83
96.81
93.87
57.70
86.08
87.37
82.85
92.43
76.48
86.94
82.62
80.98
79.33
94.00
72.07
78.10
77.09
95.81
95.08
96.58
90.08
71.58
91.54
76.91
94.14
95.79
83.61
70.35
90.20
97.91
82.90
90.99
98.77
93.13
93.69
55.98
93.84
88.97
87.09
95.24
83.46
90.40
91.03
88.88
84.05
73.87
74.10
59.47
81.93
92.33
77.35
91.92
75.44
90.37
69.90
91.28
96.97
86.43
82.16
87.27
92.60
79.17
86.04
94.40
95.37
95.36
91.16
79.76
95.01
96.94
71.74
91.39
90.62
87.76
0.00
95.44
80.67
79.93
77.45
93.13
88.76
87.46
91.25
92.40
97.90
93.16
97.93
95.72
94.20
97.26
53.34
92.23
90.53
92.41
87.23
92.79
93.72
93.15
87.08
87.50
87.37
87.88
72.61
82.22
93.12
94.11
77.60
85.84
91.62
92.99
91.39
59.90
70.39
86.88
93.59
92.46
61.24
73.32
84.07
85.03
70.04
72.48
67.36
84.19
73.04
69.66
85.90
80.18
89.75
79.69
82.82
77.68
79.03
76.16
94.50
89.61
82.53
81.92
98.10
94.97
90.40
87.99
76.21
92.72
94.40
0.00
69.16
84.69
90.52
91.76
80.11
83.54
92.80
90.66
82.59
92.94
82.94
96.13
97.54
85.65
94.12
77.97
89.64
87.62
0.01
92.79
82.42
87.59
90.07
85.18
83.75
86.33
66.15
84.60
87.73
95.91
94.07
97.06
86.00
94.58
85.01
90.10
88.44
72.76
91.77
78.71
91.19
87.00
81.67
0.02
67.37
82.28
96.47
65.85
91.12
78.40
86.18
73.48
61.33
94.16
94.21
78.07
84.43
89.68
93.91
93.16
93.47
79.42
92.82
78.40
95.30
77.63
94.94
91.45
86.50
0.03
86.52
97.50
97.90
94.94
90.89
85.49
79.10
92.80
94.97
92.41
0.03
0.00
86.68
93.50
61.16
95.74
89.40
94.41
87.71
92.73
87.14
84.97
98.02
79.83
89.31
76.07
92.18
86.66
93.13
86.11
95.05
89.26
89.12
78.03
84.93
85.57
87.73
96.57
81.87
79.09
91.99
94.21
75.70
97.37
79.80
68.43
88.92
68.95
74.58
90.49
75.98
81.70
97.75
88.04
88.91
97.58
85.24
85.16
0.77
90.01
94.73
92.44
91.18
0.00
85.58
90.51
60.95
57.95
66.18
79.55
73.06
94.67
97.81
0.12
88.23
72.17
97.46
83.78
85.90
94.36
77.97
79.22
87.50
90.28
97.63
0.11
87.51
79.70
84.78
95.87
91.73
91.78
88.94
88.03
91.70
77.50
88.65
83.38
95.44
96.03
0.00
88.27
95.81
90.49
96.00
97.92
95.74
78.50
77.67
84.21
93.24
91.28
78.63
81.95
82.13
94.63
0.08
95.46
95.30
93.38
96.68
88.76
97.22
89.75
85.61
96.08
97.80
89.81
0.00
81.18
84.86
83.31
87.14
0.03
64.41
92.90
90.28
87.01
95.52
88.40
79.78
87.52
96.01
0.01
78.78
84.97
75.43
96.02
92.74
91.88
98.68
83.75
87.42
90.00
69.95
95.50
83.09
83.28
66.62
96.04
88.15
73.61
91.27
84.67
62.76
91.85
93.49
83.15
86.37
91.65
78.37
97.27
95.82
96.42
68.48
63.23
77.91
0.00
0.00
89.69
88.91
91.32
86.39
93.70
88.65
94.99
96.90
88.73
95.88
79.81
98.17
54.38
92.82
86.50
78.25
91.90
88.48
59.12
80.91
96.07
87.59
90.44
94.50
79.43
88.18
91.33
80.76
90.01
88.41
84.89
86.50
91.40
72.31
80.50
96.94
90.95
91.05
84.64
85.74
85.21
64.21
84.12
87.23
81.21
67.89
53.24
90.40
93.04
91.09
91.60
89.88
91.17
89.22
92.64
83.91
88.35
88.78
86.99
93.58
87.19
90.23
89.83
73.47
84.28
83.19
92.43
89.29
94.85
87.85
70.28
87.04
82.77
94.67
78.37
91.15
94.33
97.80
66.58
93.71
63.06
83.33
87.90
93.99
88.67
82.11
87.56
82.98
0.00
82.25
94.97
91.21
82.68
85.17
84.49
78.95
95.60
89.73
87.66
95.03
93.77
82.93
87.37
94.80
94.12
83.29
79.00
86.17
91.36
92.22
77.52
97.77
88.59
86.41
95.34
83.73
89.94
91.86
80.96
87.94
94.41
90.65
72.82
88.79
83.88
93.25
82.20
90.88
74.86
0.00
97.15
89.23
98.45
97.58
98.00
84.05
75.00
77.91
87.60
91.78
73.51
88.98
93.27
77.45
89.65
75.60
81.82
61.37
86.21
89.29
90.73
86.92
95.09
82.62
89.14
93.75
94.14
97.24
81.47
82.75
73.83
91.47
87.00
95.00
85.89
86.52
89.06
93.30
81.31
91.07
88.13
97.23
85.45
92.97
84.98
0.00
93.21
75.79
95.67
90.81
91.29
90.42
92.95
92.46
95.08
86.63
74.90
69.52
95.03
90.48
95.25
84.96
92.11
0.09
91.24
97.82
78.01
85.87
91.21
97.20
95.10
86.98
85.74
64.32
82.17
90.67
96.07
92.05
92.03
85.48
91.57
81.46
82.40
60.17
94.89
89.57
89.76
91.04
89.95
94.10
97.78
88.42
88.04
87.71
90.03
84.51
87.18
85.58
97.37
83.83
88.88
79.81
91.20
95.55
96.39
88.11
88.66
77.28
76.57
92.43
88.18
89.84
86.35
85.18
75.15
89.63
92.72
89.94
92.76
97.26
90.69
92.07
62.72
94.00
71.86
65.67
93.98
83.97
97.72
93.03
77.80
89.89
92.24
55.35
83.21
90.80
94.37
95.94
94.76
91.33
72.73
82.33
81.99
81.53
90.49
0.02
97.31
89.01
56.48
86.24
92.67
62.27
93.72
60.34
94.65
96.85
94.96
0.01
86.56
93.35
80.39
86.21
82.02
95.60
87.69
0.00
80.62
90.15
68.92
90.71
92.36
88.59
86.40
81.92
93.09
93.12
95.26
82.80
95.60
88.02
97.03
81.01
82.74
84.26
92.88
97.68
78.57
93.90
84.97
95.19
80.92
89.67
97.41
83.77
88.87
96.06
90.89
90.98
88.05
89.02
94.97
90.32
0.01
90.00
95.54
91.13
76.79
94.27
82.77
67.31
67.43
95.24
60.05
90.92
82.02
75.16
93.78
85.06
93.72
93.42
97.91
0.14
88.22
89.02
91.20
76.76
68.26
82.99
83.55
97.84
94.74
86.93
94.07
91.96
97.83
80.03
63.01
72.35
89.75
77.09
96.92
84.36
92.30
81.51
71.24
87.32
95.48
88.92
76.48
88.09
77.36
95.80
94.56
69.18
91.71
94.50
87.40
0.00
94.44
87.61
89.62
91.50
87.34
86.52
87.31
92.60
90.76
98.61
91.47
86.93
74.73
90.46
91.84
89.47
61.40
89.04
76.20
83.97
74.58
84.70
97.00
92.62
90.67
90.72
62.46
79.75
91.09
83.91
83.72
96.82
61.35
96.73
92.67
92.53
72.46
86.06
84.94
96.79
81.25
94.98
74.44
97.53
94.87
78.27
95.21
90.60
95.76
62.23
87.05
92.58
95.51
97.07
93.57
87.96
88.68
94.37
76.06
94.42
90.13
86.35
89.73
91.02
97.14
92.89
93.08
91.12
86.11
84.95
97.20
96.88
79.37
0.03
97.31
97.21
90.30
83.69
97.53
94.87
93.47
81.81
83.57
92.22
92.31
83.68
84.55
89.81
97.59
97.95
98.07
88.08
93.39
74.52
58.52
95.37
88.22
94.15
93.27
76.69
89.01
74.92
68.68
78.94
88.78
72.30
0.06
93.84
77.36
92.29
92.36
77.72
91.83
94.26
95.63
95.78
87.67
93.68
80.50
64.02
96.02
94.19
86.41
84.05
83.79
88.80
72.43
85.20
96.40
81.50
82.01
92.36
92.59
65.39
86.20
92.69
92.62
93.63
92.52
90.40
94.88
97.30
90.43
90.10
92.57
81.75
74.65
92.44
0.02
71.21
90.24
89.74
90.32
88.59
85.79
94.20
92.92
75.64
83.25
85.36
94.01
95.15
82.18
93.68
90.09
89.95
86.75
74.26
92.39
82.26
85.52
91.06
79.82
93.31
81.39
90.30
81.97
94.26
91.44
76.47
97.99
89.97
85.72
94.05
89.35
96.43
72.68
0.01
97.58
92.80
88.07
94.93
87.24
94.08
87.97
89.79
80.66
90.51
0.09
93.40
93.47
91.62
72.02
0.03
91.66
90.32
93.78
89.87
88.33
89.39
97.75
86.22
92.23
91.84
96.96
82.57
97.63
89.48
79.12
84.12
76.64
97.88
79.76
77.13
76.28
87.03
90.43
91.91
96.63
76.94
90.85
91.68
94.57
84.00
94.35
96.21
83.33
86.25
97.00
90.29
96.19
85.49
73.83
0.05
96.00
80.60
91.87
90.44
92.59
88.12
77.30
91.41
0.01
94.64
88.84
93.08
97.98
85.07
83.80
86.75
83.00
89.52
86.05
95.83
76.94
82.13
83.00
96.03
90.94
89.41
82.09
80.01
93.02
91.25
77.70
0.00
87.93
93.93
91.02
86.08
82.25
87.08
82.06
90.00
84.99
89.98
94.24
89.45
88.53
91.23
97.91
81.62
88.58
84.61
68.59
79.14
82.07
94.79
81.77
97.71
89.53
81.88
98.46
81.97
0.00
76.24
95.06
98.73
74.55
92.82
92.30
94.70
84.08
87.72
93.50
74.61
93.18
89.28
89.87
85.37
95.92
98.40
72.02
0.00
90.10
92.53
90.64
67.50
63.42
69.63
92.03
97.29
96.67
94.88
66.59
84.81
78.53
0.00
92.18
92.57
89.22
92.55
86.96
87.67
97.04
65.93
93.93
90.02
92.37
97.89
90.35
86.30
87.78
97.51
88.40
91.09
88.81
91.32
86.41
83.28
94.42
94.38
86.59
63.68
95.94
85.44
82.00
79.89
86.87
86.00
0.00
96.23
81.06
95.20
95.05
82.81
80.81
79.80
72.39
87.33
93.17
83.95
94.54
92.59
0.00
91.44
92.34
97.72
86.58
0.00
82.60
94.14
0.03
0.00
0.02
72.72
92.18
0.00
0.00
98.55
84.80
83.09
93.74
73.20
68.33
88.31
97.16
95.98
93.15
87.48
86.43
78.79
89.66
85.36
89.63
91.42
93.50
92.69
95.46
85.91
94.49
91.45
97.45
64.10
81.24
0.00
97.11
77.98
77.67
89.22
97.69
80.49
78.39
77.43
69.28
93.57
76.67
88.08
86.99
88.98
95.06
95.18
85.06
77.08
91.86
94.39
94.47
79.45
90.90
82.97
92.06
76.39
91.08
88.85
89.97
85.64
91.98
87.57
93.98
97.71
82.35
87.17
83.23
91.30
85.90
0.08
96.99
94.38
86.93
0.00
79.81
91.47
83.36
98.22
96.10
69.69
94.32
68.90
91.30
93.74
73.43
91.52
89.76
89.57
82.68
81.04
76.27
83.66
85.62
93.14
82.31
57.48
76.33
76.63
83.96
70.36
91.67
91.80
89.03
94.31
71.99
89.17
88.05
85.05
84.92
89.04
96.74
88.76
62.05
82.00
0.01
93.51
93.08
81.41
86.61
78.74
74.76
90.37
88.82
95.29
80.46
94.22
0.00
89.78
89.21
82.88
91.07
94.97
91.89
83.80
60.79
85.20
94.62
79.41
92.06
70.21
90.33
96.31
90.62
87.29
83.52
96.42
93.59
83.11
97.74
94.54
88.92
64.91
69.29
97.71
88.74
73.68
89.65
90.08
85.99
95.10
90.90
96.12
0.00
89.37
94.26
82.69
82.04
97.19
91.71
85.54
90.71
80.48
87.10
0.00
92.05
92.81
73.46
89.16
96.13
97.81
92.70
90.18
87.33
88.73
94.56
95.59
74.84
95.35
73.08
62.94
75.16
89.66
91.66
75.67
94.22
85.43
94.38
76.36
84.26
87.19
91.77
94.37
93.32
84.22
86.30
97.09
81.94
87.42
90.48
94.08
77.71
94.74
90.22
93.15
94.11
86.29
76.09
80.72
90.67
98.08
78.92
75.08
84.58
86.65
83.38
87.16
59.53
84.61
91.14
89.89
91.63
96.21
86.55
0.25
89.96
0.00
91.16
93.53
94.21
91.71
74.28
89.12
96.83
84.61
88.76
90.62
91.58
93.10
83.87
88.43
66.17
90.66
92.54
92.12
94.32
82.26
95.57
95.03
98.19
0.00
94.16
84.29
95.99
0.01
56.91
94.98
90.56
82.49
85.11
97.41
92.99
96.36
94.56
85.44
90.92
96.94
56.87
80.88
74.72
89.08
94.27
80.73
92.72
61.24
86.39
93.15
93.71
80.23
0.00
87.59
84.67
93.84
89.90
83.00
87.70
97.17
97.31
89.99
90.48
82.13
92.09
72.92
94.33
0.00
86.67
88.63
75.95
82.97
61.24
76.06
88.12
91.88
92.42
96.93
76.30
81.87
79.42
77.18
94.95
87.40
98.37
84.66
89.48
86.43
98.81
83.96
68.44
89.64
63.64
97.85
93.76
91.30
85.11
86.20
88.05
92.62
95.84
94.95
92.95
94.48
91.89
96.72
83.37
96.98
89.73
91.12
93.84
82.31
93.61
94.80
75.60
85.93
83.39
85.82
95.36
91.75
95.29
93.84
0.15
87.62
85.77
96.02
92.55
0.00
85.37
94.53
68.83
88.69
79.81
90.22
90.33
93.92
91.21
88.53
87.48
96.86
91.14
92.79
83.79
77.94
85.36
87.25
97.79
60.59
77.96
95.43
72.37
89.14
80.65
93.07
81.35
94.73
72.73
97.31
83.53
75.57
63.41
85.90
85.47
77.93
97.23
91.16
70.52
87.60
96.42
80.06
97.34
0.00
86.22
62.90
91.14
78.37
91.56
84.59
63.05
72.59
61.10
0.11
82.63
83.57
86.66
94.30
91.49
92.44
0.30
88.51
88.72
82.86
0.02
89.45
89.59
80.73
74.64
94.59
80.78
86.98
85.32
77.33
77.36
88.64
92.56
73.76
58.16
92.71
90.26
91.48
84.82
87.28
92.08
94.02
85.31
89.20
85.16
92.48
91.24
92.49
94.49
88.37
97.61
0.01
96.73
96.76
83.86
88.61
91.04
94.18
90.73
78.62
76.40
87.65
80.26
88.47
82.44
88.94
89.73
83.43
87.83
78.26
94.05
93.46
98.10
97.34
93.43
89.72
84.19
91.53
90.06
66.91
90.04
88.73
96.72
85.31
92.60
93.61
94.44
88.24
92.22
91.28
86.31
66.21
92.21
84.56
86.05
0.01
94.03
84.04
90.31
91.38
85.79
82.40
79.64
90.33
96.00
97.85
93.01
86.01
97.91
80.60
77.61
89.68
90.97
75.19
93.67
94.63
78.33
92.67
94.74
77.36
93.01
73.88
77.56
92.03
94.15
71.83
0.53
89.24
90.34
98.15
94.46
71.34
83.42
80.19
91.70
68.69
88.94
80.74
0.03
86.54
92.49
98.04
90.02
91.76
90.65
65.82
93.99
88.63
75.73
85.99
89.45
91.24
91.94
86.96
93.88
94.44
94.84
88.21
0.03
82.45
61.96
89.91
96.48
79.70
90.34
97.99
84.59
90.86
93.53
90.38
86.95
98.43
88.78
87.75
98.13
84.89
76.96
91.10
92.90
84.17
91.68
82.28
82.96
94.74
89.72
92.86
61.31
82.05
93.79
93.89
96.83
86.12
97.70
93.44
92.76
90.91
87.24
85.91
78.27
82.84
94.04
89.21
85.93
80.45
83.00
95.29
90.87
75.84
0.01
82.75
96.01
92.35
87.31
91.73
95.04
91.89
93.40
90.30
89.46
93.97
69.95
88.03
90.16
84.16
87.62
92.25
85.97
89.17
90.53
95.70
73.22
97.10
94.43
80.43
66.06
83.34
94.89
93.05
62.78
73.38
94.62
96.57
86.32
93.70
86.02
93.87
85.79
67.79
64.10
93.80
90.25
86.89
92.00
85.38
70.60
94.79
83.76
75.33
92.39
70.88
0.02
97.51
88.84
98.55
92.79
76.89
0.03
0.00
86.00
96.53
88.73
80.10
91.83
77.39
79.11
87.15
96.38
96.38
87.74
97.22
89.55
91.57
87.34
77.72
93.33
0.40
87.84
76.37
90.25
0.00
91.38
90.32
92.89
95.03
89.00
94.40
83.61
74.95
87.33
93.15
90.46
88.73
87.26
92.49
90.03
86.66
73.06
89.28
94.98
0.01
92.75
65.74
94.80
95.98
96.44
94.14
68.40
98.05
91.00
98.02
0.00
90.18
92.34
83.30
86.05
0.13
80.22
93.95
83.26
93.16
90.37
81.83
82.73
86.44
91.81
87.67
0.00
97.24
94.78
86.49
97.35
83.39
80.22
94.41
96.42
91.79
94.82
97.54
80.10
87.01
0.00
89.33
92.84
88.80
90.64
96.82
92.34
91.79
86.39
98.25
94.50
85.25
89.13
59.48
82.99
72.22
69.02
88.16
94.35
0.00
93.66
92.44
91.07
92.67
85.44
87.60
54.77
80.53
92.93
95.53
89.99
82.91
93.23
73.64
77.38
97.90
92.58
89.96
75.80
79.58
78.04
94.40
86.80
94.73
86.52
67.57
79.16
85.35
85.56
87.98
82.81
95.72
0.00
92.99
85.87
90.40
76.59
86.96
92.68
91.30
90.66
78.82
84.41
74.11
85.00
97.25
91.06
93.24
78.28
92.57
80.01
96.21
94.73
92.68
59.05
97.10
89.27
73.63
83.70
87.71
83.44
0.00
95.67
96.09
90.23
86.93
69.39
88.47
97.23
84.28
94.16
93.25
79.30
87.46
81.41
69.40
88.67
92.01
95.63
93.33
84.06
92.45
77.79
90.67
65.99
96.53
93.16
74.80
90.31
93.34
0.04
81.25
94.44
95.00
77.60
74.85
93.50
0.11
94.21
89.39
62.80
88.51
77.34
78.21
95.75
90.23
71.79
96.57
91.98
90.35
90.05
93.88
97.74
84.59
82.99
89.85
80.03
78.81
75.66
72.38
0.00
88.05
87.47
89.01
83.67
73.54
95.48
93.07
0.00
61.62
90.37
90.04
89.90
69.05
57.43
90.40
88.09
78.31
74.08
97.41
88.51
90.45
93.42
89.47
95.39
64.64
90.48
93.15
56.59
91.13
78.33
67.45
82.38
91.77
88.17
97.36
82.31
93.29
82.67
86.62
85.39
94.29
95.83
89.42
87.62
90.05
94.81
74.69
91.14
90.04
0.15
89.64
79.40
82.88
97.51
79.47
83.07
87.75
89.91
70.88
92.35
88.36
81.11
95.53
89.80
97.54
80.46
78.96
93.94
81.66
72.20
92.43
86.26
79.40
83.62
87.42
98.12
89.29
88.05
74.70
77.17
75.80
73.52
94.75
94.79
88.43
76.31
89.65
87.13
61.80
85.91
80.83
91.23
92.98
87.41
85.57
0.12
89.95
90.58
80.71
89.03
91.82
70.07
87.65
72.00
77.16
73.80
76.43
68.64
92.19
87.84
73.83
89.90
85.77
94.79
89.56
90.88
97.78
95.52
92.20
89.00
62.86
75.31
97.15
83.10
92.08
97.06
87.28
95.06
85.06
89.58
93.57
82.26
92.44
90.23
88.52
97.47
86.59
66.46
91.40
94.03
90.73
84.76
85.49
73.92
95.26
97.19
92.26
94.37
86.57
88.06
93.42
95.73
96.22
83.93
85.01
94.53
74.31
92.95
96.87
73.37
75.59
55.39
0.55
60.67
78.03
78.92
72.01
89.60
92.92
88.38
91.02
94.64
82.76
61.89
85.57
83.82
82.06
89.06
85.30
92.14
84.62
83.05
93.39
94.77
84.02
84.60
95.06
87.65
90.10
76.98
85.18
88.73
96.09
83.36
64.41
94.24
89.08
66.24
89.40
94.10
97.38
79.57
92.47
92.34
89.69
93.30
78.84
93.60
95.64
79.03
88.18
83.58
94.25
73.09
69.37
83.75
75.09
78.88
82.95
85.35
92.22
75.61
87.46
96.66
82.61
84.55
77.18
87.85
80.10
98.11
87.33
81.29
0.00
92.29
95.51
0.00
94.59
79.36
66.13
97.87
84.80
87.34
75.74
94.52
93.17
94.27
97.73
81.42
81.62
87.54
94.63
67.86
82.94
88.02
86.91
86.37
64.40
0.00
82.71
86.27
94.32
88.98
75.29
84.82
93.16
87.13
92.15
72.48
84.82
89.80
96.23
85.87
85.60
76.77
86.44
92.85
84.61
89.23
74.00
92.55
88.69
88.08
91.05
89.39
91.83
87.53
97.24
0.03
98.40
74.20
84.34
92.83
92.94
83.77
89.17
75.15
95.94
72.55
0.00
90.39
87.25
89.36
84.34
97.56
92.88
86.64
89.73
76.17
56.70
93.92
76.43
72.18
79.26
92.39
92.20
80.63
93.91
78.02
96.64
85.35
94.10
90.00
96.76
98.06
88.23
85.90
76.67
90.36
88.94
84.97
96.16
81.65
77.05
64.87
88.79
97.46
68.22
77.64
90.08
91.94
90.01
86.76
89.33
88.85
66.83
70.46
77.10
81.01
80.53
88.53
89.68
66.83
93.42
94.78
95.68
88.79
93.93
92.05
85.82
94.41
79.30
92.94
86.29
71.69
78.84
89.66
80.06
85.97
71.84
70.41
92.62
96.84
97.62
88.64
72.31
94.86
86.11
85.98
98.19
92.86
90.42
94.61
97.56
97.80
97.78
75.94
0.01
73.09
91.34
86.80
87.65
71.57
94.75
88.13
58.09
77.32
87.98
75.45
83.88
96.24
88.32
83.00
83.45
94.11
0.00
90.33
93.97
90.32
95.42
94.34
95.62
92.46
86.50
78.79
80.49
78.88
90.14
85.63
91.38
93.68
96.83
91.00
90.18
90.29
75.12
93.49
94.33
56.17
93.20
79.75
0.14
79.41
92.46
92.46
91.16
90.57
81.97
92.06
75.45
93.95
92.42
96.74
91.43
92.62
89.06
0.02
91.23
94.73
82.20
88.20
81.99
91.18
97.74
66.22
74.40
79.27
78.59
82.70
87.04
88.83
88.22
84.03
96.28
84.78
85.55
88.09
0.02
86.64
0.00
95.27
91.37
86.65
96.13
87.39
72.80
81.12
78.53
96.51
79.67
95.55
68.01
93.44
90.21
92.42
0.00
98.30
87.35
85.22
77.53
